{
  "18": [
    [
      {
        "0": [
          0.9138912815077213, 
          0.92620273037064
        ], 
        "1": [
          0.27345303253796127, 
          0.6962449791135747
        ], 
        "2": [
          0.46430373938923797, 
          0.862170457262094
        ], 
        "3": [
          0.13646088765668718, 
          0.3982023817832252
        ], 
        "4": [
          0.9426304692585672, 
          0.019067706154513142
        ], 
        "5": [
          0.41726994479465584, 
          0.589984012564939
        ], 
        "6": [
          0.6402072840505664, 
          0.9159053179676286
        ], 
        "7": [
          0.33715011700871844, 
          0.9785955145060129
        ], 
        "8": [
          0.4959289792602595, 
          0.47772828590733185
        ], 
        "9": [
          0.1422303062620589, 
          0.17467762790035157
        ], 
        "10": [
          0.46895201460458713, 
          0.6058435845753233
        ], 
        "11": [
          0.012157070959730287, 
          0.23521244684302367
        ], 
        "12": [
          0.08931326966341246, 
          0.9999303944884353
        ], 
        "13": [
          0.30815543073269847, 
          0.0856499363263582
        ], 
        "14": [
          0.5837782960831868, 
          0.7190199031347976
        ], 
        "15": [
          0.1161112674621313, 
          0.14609767229570825
        ], 
        "16": [
          0.5391985046308314, 
          0.4787682054160102
        ], 
        "17": [
          0.7635593937041054, 
          0.20391392123031038
        ]
      }, 
      [
        [
          0.0, 
          0.6804716879537742, 
          0.45412453140915704, 
          0.9397778383170171, 
          0.9075901569938777, 
          0.5997297543740693, 
          0.27387764999416375, 
          0.5791160286653457, 
          0.6130430763304252, 
          1.0771493120083513, 
          0.5482708578130006, 
          1.1360423224520222, 
          0.8278675413816993, 
          1.0360718703303307, 
          0.3897426164115696, 
          1.1158032319565465, 
          0.5836028882425874, 
          0.7377674432366574
        ], 
        [
          0.6804716879537742, 
          0.0, 
          0.252893765451912, 
          0.3280186543210506, 
          0.9520333506911572, 
          0.17881470091382323, 
          0.4275036204151364, 
          0.28944627032744996, 
          0.31184145343391106, 
          0.5378214441084124, 
          0.21538863508446193, 
          0.5299307269340863, 
          0.35515107177495137, 
          0.6115803812392848, 
          0.311159872667711, 
          0.5722049372699692, 
          0.3433901615302397, 
          0.6946899422130517
        ], 
        [
          0.45412453140915704, 
          0.252893765451912, 
          0.0, 
          0.5681085376014837, 
          0.9693393159429042, 
          0.27622027172320773, 
          0.18392795404577078, 
          0.17240312537404176, 
          0.3857407664648163, 
          0.7591954206593592, 
          0.2563690155300706, 
          0.7729896225697614, 
          0.39949424612852785, 
          0.7920646524941031, 
          0.18645710188718367, 
          0.796240058572931, 
          0.3906488353767886, 
          0.7230875561562252
        ], 
        [
          0.9397778383170171, 
          0.3280186543210506, 
          0.5681085376014837, 
          0.0, 
          0.890871762132036, 
          0.3400498793941979, 
          0.7223411673259194, 
          0.6141110284709791, 
          0.3681598542859757, 
          0.22359919899105907, 
          0.3920015543285941, 
          0.204980871637433, 
          0.6035722816337753, 
          0.35660629170437824, 
          0.5504695685390487, 
          0.2529246757195668, 
          0.41071698292576303, 
          0.6565063154234888
        ], 
        [
          0.9075901569938777, 
          0.9520333506911572, 
          0.9693393159429042, 
          0.890871762132036, 
          0.0, 
          0.7758537939523911, 
          0.9464552207653594, 
          1.1345924695503815, 
          0.6402435072579026, 
          0.8153863309318983, 
          0.7541068955392836, 
          0.9552482891212575, 
          1.300093018399286, 
          0.6379590644289485, 
          0.7865799134545836, 
          0.8362240149840535, 
          0.6116223500696032, 
          0.25736078436327403
        ], 
        [
          0.5997297543740693, 
          0.17881470091382323, 
          0.27622027172320773, 
          0.3400498793941979, 
          0.7758537939523911, 
          0.0, 
          0.3948743528641715, 
          0.39678468499344266, 
          0.13707148452719273, 
          0.49812267154518464, 
          0.05406072848372628, 
          0.5384972649805861, 
          0.5249872539550889, 
          0.5160027496384101, 
          0.21065443765556263, 
          0.5364062192129087, 
          0.16503190438067297, 
          0.5186198008648906
        ], 
        [
          0.27387764999416375, 
          0.4275036204151364, 
          0.18392795404577078, 
          0.7223411673259194, 
          0.9464552207653594, 
          0.3948743528641715, 
          0.0, 
          0.3094732738661802, 
          0.46131913103440125, 
          0.8929723170008391, 
          0.3542127126844207, 
          0.9261694526183115, 
          0.5572651331026562, 
          0.8941937329438864, 
          0.2048123464464939, 
          0.931278930256027, 
          0.4486553562477896, 
          0.7225977387066307
        ], 
        [
          0.5791160286653457, 
          0.28944627032744996, 
          0.17240312537404176, 
          0.6141110284709791, 
          1.1345924695503815, 
          0.39678468499344266, 
          0.3094732738661802, 
          0.0, 
          0.5254319249741276, 
          0.8272107960042752, 
          0.39536785589742324, 
          0.8113192129293106, 
          0.24875345224926, 
          0.8934161949633791, 
          0.3580571975709024, 
          0.8613424581974884, 
          0.5391204780499891, 
          0.8842830102473213
        ], 
        [
          0.6130430763304252, 
          0.31184145343391106, 
          0.3857407664648163, 
          0.3681598542859757, 
          0.6402435072579026, 
          0.13707148452719273, 
          0.46131913103440125, 
          0.5254319249741276, 
          0.0, 
          0.4657708155296462, 
          0.13092473553466527, 
          0.5411554226447343, 
          0.6618393895028446, 
          0.4347232886984231, 
          0.2567861892908201, 
          0.5042225283344527, 
          0.0432820200357966, 
          0.3828842449603609
        ], 
        [
          1.0771493120083513, 
          0.5378214441084124, 
          0.7591954206593592, 
          0.22359919899105907, 
          0.8153863309318983, 
          0.49812267154518464, 
          0.8929723170008391, 
          0.8272107960042752, 
          0.4657708155296462, 
          0.0, 
          0.5409724178714693, 
          0.14346954675622642, 
          0.826947605065562, 
          0.18830049600994503, 
          0.7009087957234467, 
          0.038717154469246666, 
          0.5000548268439731, 
          0.6220165558481877
        ], 
        [
          0.5482708578130006, 
          0.21538863508446193, 
          0.2563690155300706, 
          0.3920015543285941, 
          0.7541068955392836, 
          0.05406072848372628, 
          0.3542127126844207, 
          0.39536785589742324, 
          0.13092473553466527, 
          0.5409724178714693, 
          0.0, 
          0.5882423486933313, 
          0.547201964916066, 
          0.5444786249830541, 
          0.16122640602853552, 
          0.5795367949508141, 
          0.14519890271448482, 
          0.4983382005190077
        ], 
        [
          1.1360423224520222, 
          0.5299307269340863, 
          0.7729896225697614, 
          0.204980871637433, 
          0.9552482891212575, 
          0.5384972649805861, 
          0.9261694526183115, 
          0.8113192129293106, 
          0.5411554226447343, 
          0.14346954675622642, 
          0.5882423486933313, 
          0.0, 
          0.7686004283432405, 
          0.3316383173584367, 
          0.7488794828109246, 
          0.13692303682389848, 
          0.5805963144390021, 
          0.7520538865873719
        ], 
        [
          0.8278675413816993, 
          0.35515107177495137, 
          0.39949424612852785, 
          0.6035722816337753, 
          1.300093018399286, 
          0.5249872539550889, 
          0.5572651331026562, 
          0.24875345224926, 
          0.6618393895028446, 
          0.826947605065562, 
          0.547201964916066, 
          0.7686004283432405, 
          0.0, 
          0.9401067214090819, 
          0.5686882858867855, 
          0.8542531534463674, 
          0.6884814826561801, 
          1.0431922456969285
        ], 
        [
          1.0360718703303307, 
          0.6115803812392848, 
          0.7920646524941031, 
          0.35660629170437824, 
          0.6379590644289485, 
          0.5160027496384101, 
          0.8941937329438864, 
          0.8934161949633791, 
          0.4347232886984231, 
          0.18830049600994503, 
          0.5444786249830541, 
          0.3316383173584367, 
          0.9401067214090819, 
          0.0, 
          0.690742700836525, 
          0.20133278280029934, 
          0.45598560886100575, 
          0.4705094468928598
        ], 
        [
          0.3897426164115696, 
          0.311159872667711, 
          0.18645710188718367, 
          0.5504695685390487, 
          0.7865799134545836, 
          0.21065443765556263, 
          0.2048123464464939, 
          0.3580571975709024, 
          0.2567861892908201, 
          0.7009087957234467, 
          0.16122640602853552, 
          0.7488794828109246, 
          0.5686882858867855, 
          0.690742700836525, 
          0.0, 
          0.7395622571825078, 
          0.24435268785649789, 
          0.5455780564278297
        ], 
        [
          1.1158032319565465, 
          0.5722049372699692, 
          0.796240058572931, 
          0.2529246757195668, 
          0.8362240149840535, 
          0.5364062192129087, 
          0.931278930256027, 
          0.8613424581974884, 
          0.5042225283344527, 
          0.038717154469246666, 
          0.5795367949508141, 
          0.13692303682389848, 
          0.8542531534463674, 
          0.20133278280029934, 
          0.7395622571825078, 
          0.0, 
          0.5382123129970084, 
          0.6500244570899707
        ], 
        [
          0.5836028882425874, 
          0.3433901615302397, 
          0.3906488353767886, 
          0.41071698292576303, 
          0.6116223500696032, 
          0.16503190438067297, 
          0.4486553562477896, 
          0.5391204780499891, 
          0.0432820200357966, 
          0.5000548268439731, 
          0.14519890271448482, 
          0.5805963144390021, 
          0.6884814826561801, 
          0.45598560886100575, 
          0.24435268785649789, 
          0.5382123129970084, 
          0.0, 
          0.35479950124117055
        ], 
        [
          0.7377674432366574, 
          0.6946899422130517, 
          0.7230875561562252, 
          0.6565063154234888, 
          0.25736078436327403, 
          0.5186198008648906, 
          0.7225977387066307, 
          0.8842830102473213, 
          0.3828842449603609, 
          0.6220165558481877, 
          0.4983382005190077, 
          0.7520538865873719, 
          1.0431922456969285, 
          0.4705094468928598, 
          0.5455780564278297, 
          0.6500244570899707, 
          0.35479950124117055, 
          0.0
        ]
      ]
    ], 
    [
      8.017346282674797, 
      476.6385910511017, 
      [
        [
          15, 
          1
        ], 
        [
          4, 
          0
        ], 
        [
          12, 
          11
        ], 
        [
          13, 
          10
        ], 
        [
          6, 
          16
        ], 
        [
          6, 
          17
        ], 
        [
          15, 
          7
        ], 
        [
          9, 
          2
        ], 
        [
          4, 
          8
        ], 
        [
          12, 
          3
        ], 
        [
          13, 
          14
        ], 
        [
          9, 
          5
        ]
      ], 
      ":Qc?gCaDkBJil`Fee"
    ], 
    [
      8.017346282674797, 
      476.6385910511017, 
      [
        [
          15, 
          1
        ], 
        [
          4, 
          0
        ], 
        [
          12, 
          11
        ], 
        [
          13, 
          10
        ], 
        [
          6, 
          16
        ], 
        [
          6, 
          17
        ], 
        [
          15, 
          7
        ], 
        [
          9, 
          2
        ], 
        [
          4, 
          8
        ], 
        [
          12, 
          3
        ], 
        [
          13, 
          14
        ], 
        [
          9, 
          5
        ]
      ], 
      ":QeC_ciHkBJin@DfaM"
    ]
  ], 
  "21": [
    [
      {
        "0": [
          0.6616437870628686, 
          0.5940571903900234
        ], 
        "1": [
          0.9195071311583799, 
          0.509920767251772
        ], 
        "2": [
          0.15168536304763047, 
          0.6408068370290481
        ], 
        "3": [
          0.9706878149791769, 
          0.3727638359139851
        ], 
        "4": [
          0.05832891310537114, 
          0.5324406876515322
        ], 
        "5": [
          0.36284405275616904, 
          0.6791854124155977
        ], 
        "6": [
          0.726194028729733, 
          0.9991027155657324
        ], 
        "7": [
          0.537138045699451, 
          0.28952803769368174
        ], 
        "8": [
          0.7190453667092256, 
          0.7445978589039132
        ], 
        "9": [
          0.9835046514147869, 
          0.03442620790485118
        ], 
        "10": [
          0.0756896516468255, 
          0.6866614618827596
        ], 
        "11": [
          0.3873862833840207, 
          0.146177608540205
        ], 
        "12": [
          0.2850445540354577, 
          0.15505053449168726
        ], 
        "13": [
          0.8081761209115768, 
          0.40373429556236284
        ], 
        "14": [
          0.5164826361905669, 
          0.9202028689268443
        ], 
        "15": [
          0.2362530015273303, 
          0.4830594960176765
        ], 
        "16": [
          0.9935847864433767, 
          0.16732217465567412
        ], 
        "17": [
          0.9907561247595081, 
          0.21440139835955807
        ], 
        "18": [
          0.7927740734336924, 
          0.8974769851177005
        ], 
        "19": [
          0.4301441320377153, 
          0.13575873176736641
        ], 
        "20": [
          0.10204765026730689, 
          0.4804921302390903
        ]
      }, 
      [
        [
          0.0, 
          0.27124240436668257, 
          0.5120967913246276, 
          0.3801038804405888, 
          0.6064531561036464, 
          0.31068970920677397, 
          0.4101568128949177, 
          0.3289980007149071, 
          0.16111311002679427, 
          0.6455859761168012, 
          0.5932266008110754, 
          0.5251793009650336, 
          0.5784062812935854, 
          0.24019685501423613, 
          0.35699126509035833, 
          0.43963372092518027, 
          0.540636292458734, 
          0.5024474611801982, 
          0.330543074101213, 
          0.513448699923048, 
          0.5710033793276552
        ], 
        [
          0.27124240436668257, 
          0.0, 
          0.7788975740406818, 
          0.1463949664789155, 
          0.8614726171293938, 
          0.5818284136742221, 
          0.52599328334764, 
          0.4413378215797545, 
          0.30863936293411387, 
          0.4797819906660646, 
          0.8621283035998044, 
          0.644563171570926, 
          0.7269633029724794, 
          0.1538510988339683, 
          0.5751175066879595, 
          0.6837819342087028, 
          0.35051575522556744, 
          0.30398703340706174, 
          0.40775125987149563, 
          0.6160141018728429, 
          0.8179890265615589
        ], 
        [
          0.5120967913246276, 
          0.7788975740406818, 
          0.0, 
          0.8617494222316918, 
          0.14303373405155742, 
          0.21461804977244564, 
          0.6770791264839024, 
          0.5215079725430682, 
          0.5767754762268538, 
          1.0293788398236576, 
          0.08875806877005074, 
          0.5479169622514798, 
          0.5037299467727681, 
          0.6979853186695633, 
          0.4594988499797976, 
          0.17898577897193718, 
          0.9659101224321639, 
          0.9412020725044494, 
          0.6905608586535402, 
          0.5767259961679273, 
          0.1678234421742446
        ], 
        [
          0.3801038804405888, 
          0.1463949664789155, 
          0.8617494222316918, 
          0.0, 
          0.9262264641053997, 
          0.6807115555205113, 
          0.672367164336566, 
          0.4414675532220625, 
          0.44898158361359264, 
          0.33858030335957856, 
          0.9484479068230975, 
          0.625765127820924, 
          0.7193787339737903, 
          0.16543645329718917, 
          0.7113310335592337, 
          0.7426706052132114, 
          0.20671368479809693, 
          0.15962894062675206, 
          0.5540552214156942, 
          0.5902193596955873, 
          0.8752948766837728
        ], 
        [
          0.6064531561036464, 
          0.8614726171293938, 
          0.14303373405155742, 
          0.9262264641053997, 
          0.0, 
          0.3380288220294629, 
          0.8147498149523792, 
          0.5369029157725261, 
          0.6939430072971889, 
          1.050699085748974, 
          0.15519485315945225, 
          0.5074228209484312, 
          0.4402536877123815, 
          0.7608128353408439, 
          0.6002202455800822, 
          0.18464962314601327, 
          1.0039995404110214, 
          0.9851748548183986, 
          0.8201592479497518, 
          0.5436939682889578, 
          0.0678968378959447
        ], 
        [
          0.31068970920677397, 
          0.5818284136742221, 
          0.21461804977244564, 
          0.6807115555205113, 
          0.3380288220294629, 
          0.0, 
          0.48411804954457616, 
          0.42686211550252207, 
          0.36215765105471776, 
          0.894949166449472, 
          0.28725170389764654, 
          0.5335725256010281, 
          0.5298774690978155, 
          0.5236353394331471, 
          0.2858220227044779, 
          0.23343236565255224, 
          0.8123040362464963, 
          0.7812155591701764, 
          0.48217324002119105, 
          0.5475781751600928, 
          0.32786244666506986
        ], 
        [
          0.4101568128949177, 
          0.52599328334764, 
          0.6770791264839024, 
          0.672367164336566, 
          0.8147498149523792, 
          0.48411804954457616, 
          0.0, 
          0.7343285287912834, 
          0.25460523449673333, 
          0.9984034860613039, 
          0.7216477545222526, 
          0.9177537395732868, 
          0.9523848714668287, 
          0.6009863717055661, 
          0.2240626116967226, 
          0.7115776939854624, 
          0.8737028588412113, 
          0.8280997886008503, 
          0.12149358601126758, 
          0.9126929251901691, 
          0.8114897663930238
        ], 
        [
          0.3289980007149071, 
          0.4413378215797545, 
          0.5215079725430682, 
          0.4414675532220625, 
          0.5369029157725261, 
          0.42686211550252207, 
          0.7343285287912834, 
          0.0, 
          0.4900804174962158, 
          0.5141206961983146, 
          0.6088099678733004, 
          0.20730396970406303, 
          0.28571896578068856, 
          0.2941168263650715, 
          0.6310129861523912, 
          0.35775163894449336, 
          0.47252290959975346, 
          0.45979710045603345, 
          0.6595086817849437, 
          0.18733044868818233, 
          0.475153592892857
        ], 
        [
          0.16111311002679427, 
          0.30863936293411387, 
          0.5767754762268538, 
          0.44898158361359264, 
          0.6939430072971889, 
          0.36215765105471776, 
          0.25460523449673333, 
          0.4900804174962158, 
          0.0, 
          0.7578142827564751, 
          0.6459591335396109, 
          0.6841816597932733, 
          0.7320674512113656, 
          0.35232408398884546, 
          0.26808353052794665, 
          0.5490817636191729, 
          0.6392332192652671, 
          0.5957642342521252, 
          0.1697290470931642, 
          0.6739057843104741, 
          0.6711467931891796
        ], 
        [
          0.6455859761168012, 
          0.4797819906660646, 
          1.0293788398236576, 
          0.33858030335957856, 
          1.050699085748974, 
          0.894949166449472, 
          0.9984034860613039, 
          0.5141206961983146, 
          0.7578142827564751, 
          0.0, 
          1.11782775969079, 
          0.6065026663153489, 
          0.7087995032416923, 
          0.4088135971535969, 
          1.0013540112844022, 
          0.8715829595984833, 
          0.1332777066910683, 
          0.1801212176421124, 
          0.8838748765660813, 
          0.5625621252782751, 
          0.9878973893779678
        ], 
        [
          0.5932266008110754, 
          0.8621283035998044, 
          0.08875806877005074, 
          0.9484479068230975, 
          0.15519485315945225, 
          0.28725170389764654, 
          0.7216477545222526, 
          0.6088099678733004, 
          0.6459591335396109, 
          1.11782775969079, 
          0.0, 
          0.6239211376130229, 
          0.5713489767871731, 
          0.7852287622712446, 
          0.498838695398733, 
          0.25929587314297126, 
          1.054630159696145, 
          1.0297457054116916, 
          0.7474311023808329, 
          0.6550815191392361, 
          0.20784738969175093
        ], 
        [
          0.5251793009650336, 
          0.644563171570926, 
          0.5479169622514798, 
          0.625765127820924, 
          0.5074228209484312, 
          0.5335725256010281, 
          0.9177537395732868, 
          0.20730396970406303, 
          0.6841816597932733, 
          0.6065026663153489, 
          0.6239211376130229, 
          0.0, 
          0.10272564616976136, 
          0.4933553834674319, 
          0.7847171286677493, 
          0.36922984033682543, 
          0.6065671585138908, 
          0.607214666307391, 
          0.8536919898693498, 
          0.04400893789561215, 
          0.4395273995642013
        ], 
        [
          0.5784062812935854, 
          0.7269633029724794, 
          0.5037299467727681, 
          0.7193787339737903, 
          0.4402536877123815, 
          0.5298774690978155, 
          0.9523848714668287, 
          0.28571896578068856, 
          0.7320674512113656, 
          0.7087995032416923, 
          0.5713489767871731, 
          0.10272564616976136, 
          0.0, 
          0.5792324656668688, 
          0.7993883166291621, 
          0.3316179947432154, 
          0.7086464944476775, 
          0.7082028989602266, 
          0.8994366567232528, 
          0.14637643659000363, 
          0.3733632266725608
        ], 
        [
          0.24019685501423613, 
          0.1538510988339683, 
          0.6979853186695633, 
          0.16543645329718917, 
          0.7608128353408439, 
          0.5236353394331471, 
          0.6009863717055661, 
          0.2941168263650715, 
          0.35232408398884546, 
          0.4088135971535969, 
          0.7852287622712446, 
          0.4933553834674319, 
          0.5792324656668688, 
          0.0, 
          0.5931482751402289, 
          0.57739807924298, 
          0.30044477723182617, 
          0.2630254812148786, 
          0.49398286058916, 
          0.4633779099214523, 
          0.7102880980550605
        ], 
        [
          0.35699126509035833, 
          0.5751175066879595, 
          0.4594988499797976, 
          0.7113310335592337, 
          0.6002202455800822, 
          0.2858220227044779, 
          0.2240626116967226, 
          0.6310129861523912, 
          0.26808353052794665, 
          1.0013540112844022, 
          0.498838695398733, 
          0.7847171286677493, 
          0.7993883166291621, 
          0.5931482751402289, 
          0.0, 
          0.5192523246186721, 
          0.8913225014449562, 
          0.8503476099891724, 
          0.27722450124182507, 
          0.7891811842810431, 
          0.6042366186143827
        ], 
        [
          0.43963372092518027, 
          0.6837819342087028, 
          0.17898577897193718, 
          0.7426706052132114, 
          0.18464962314601327, 
          0.23343236565255224, 
          0.7115776939854624, 
          0.35775163894449336, 
          0.5490817636191729, 
          0.8715829595984833, 
          0.25929587314297126, 
          0.36922984033682543, 
          0.3316179947432154, 
          0.57739807924298, 
          0.5192523246186721, 
          0.0, 
          0.8205129423384966, 
          0.8009070710166005, 
          0.6938714281102621, 
          0.397758207130217, 
          0.13422990603389143
        ], 
        [
          0.540636292458734, 
          0.35051575522556744, 
          0.9659101224321639, 
          0.20671368479809693, 
          1.0039995404110214, 
          0.8123040362464963, 
          0.8737028588412113, 
          0.47252290959975346, 
          0.6392332192652671, 
          0.1332777066910683, 
          1.054630159696145, 
          0.6065671585138908, 
          0.7086464944476775, 
          0.30044477723182617, 
          0.8913225014449562, 
          0.8205129423384966, 
          0.0, 
          0.04716412441127403, 
          0.7572654684457065, 
          0.5643240398601175, 
          0.9449412078331365
        ], 
        [
          0.5024474611801982, 
          0.30398703340706174, 
          0.9412020725044494, 
          0.15962894062675206, 
          0.9851748548183986, 
          0.7812155591701764, 
          0.8280997886008503, 
          0.45979710045603345, 
          0.5957642342521252, 
          0.1801212176421124, 
          1.0297457054116916, 
          0.607214666307391, 
          0.7082028989602266, 
          0.2630254812148786, 
          0.8503476099891724, 
          0.8009070710166005, 
          0.04716412441127403, 
          0.0, 
          0.7111885473432193, 
          0.5661011176390929, 
          0.9276890805795014
        ], 
        [
          0.330543074101213, 
          0.40775125987149563, 
          0.6905608586535402, 
          0.5540552214156942, 
          0.8201592479497518, 
          0.48217324002119105, 
          0.12149358601126758, 
          0.6595086817849437, 
          0.1697290470931642, 
          0.8838748765660813, 
          0.7474311023808329, 
          0.8536919898693498, 
          0.8994366567232528, 
          0.49398286058916, 
          0.27722450124182507, 
          0.6938714281102621, 
          0.7572654684457065, 
          0.7111885473432193, 
          0.0, 
          0.8436321306611867, 
          0.8068329200388171
        ], 
        [
          0.513448699923048, 
          0.6160141018728429, 
          0.5767259961679273, 
          0.5902193596955873, 
          0.5436939682889578, 
          0.5475781751600928, 
          0.9126929251901691, 
          0.18733044868818233, 
          0.6739057843104741, 
          0.5625621252782751, 
          0.6550815191392361, 
          0.04400893789561215, 
          0.14637643659000363, 
          0.4633779099214523, 
          0.7891811842810431, 
          0.397758207130217, 
          0.5643240398601175, 
          0.5661011176390929, 
          0.8436321306611867, 
          0.0, 
          0.4759079925489635
        ], 
        [
          0.5710033793276552, 
          0.8179890265615589, 
          0.1678234421742446, 
          0.8752948766837728, 
          0.0678968378959447, 
          0.32786244666506986, 
          0.8114897663930238, 
          0.475153592892857, 
          0.6711467931891796, 
          0.9878973893779678, 
          0.20784738969175093, 
          0.4395273995642013, 
          0.3733632266725608, 
          0.7102880980550605, 
          0.6042366186143827, 
          0.13422990603389143, 
          0.9449412078331365, 
          0.9276890805795014, 
          0.8068329200388171, 
          0.4759079925489635, 
          0.0
        ]
      ]
    ], 
    [
      9.146428055358333, 
      3634.5325090885162, 
      [
        [
          17, 
          20
        ], 
        [
          10, 
          14
        ], 
        [
          9, 
          19
        ], 
        [
          2, 
          18
        ], 
        [
          5, 
          1
        ], 
        [
          16, 
          7
        ], 
        [
          16, 
          11
        ], 
        [
          2, 
          8
        ], 
        [
          10, 
          6
        ], 
        [
          4, 
          3
        ], 
        [
          4, 
          13
        ], 
        [
          5, 
          0
        ], 
        [
          17, 
          15
        ], 
        [
          9, 
          12
        ]
      ], 
      ":TcB_@gAiEkHcioFJnahp"
    ], 
    [
      9.146428055358333, 
      3634.5325090885162, 
      [
        [
          17, 
          20
        ], 
        [
          10, 
          14
        ], 
        [
          9, 
          19
        ], 
        [
          2, 
          18
        ], 
        [
          5, 
          1
        ], 
        [
          16, 
          7
        ], 
        [
          16, 
          11
        ], 
        [
          2, 
          8
        ], 
        [
          10, 
          6
        ], 
        [
          4, 
          3
        ], 
        [
          4, 
          13
        ], 
        [
          5, 
          0
        ], 
        [
          17, 
          15
        ], 
        [
          9, 
          12
        ]
      ], 
      ":Tc?gCiEblKilpJaDhO`F"
    ]
  ]
}