{
  "24": [
    [
      {
        "0": [
          0.6151634216327084, 
          0.3090854955833352
        ], 
        "1": [
          0.920858782221933, 
          0.6196511517471842
        ], 
        "2": [
          0.637116820726936, 
          0.9688899366480221
        ], 
        "3": [
          0.5573246859899821, 
          0.20862215882242874
        ], 
        "4": [
          0.5606652172906268, 
          0.6629245128865198
        ], 
        "5": [
          0.5368936779895562, 
          0.7319042616994524
        ], 
        "6": [
          0.3687747127975647, 
          0.8451667316506597
        ], 
        "7": [
          0.8838512510975468, 
          0.3947512001768352
        ], 
        "8": [
          0.3512524083057247, 
          0.6053348572699118
        ], 
        "9": [
          0.6475588630418895, 
          0.1420506755733918
        ], 
        "10": [
          0.9693117806554219, 
          0.32673906439390665
        ], 
        "11": [
          0.9450770991963278, 
          0.18571248457456446
        ], 
        "12": [
          0.2423175401693305, 
          0.5545609483858859
        ], 
        "13": [
          0.5902128208444476, 
          0.6599967323772733
        ], 
        "14": [
          0.7398638504301652, 
          0.23123299327398672
        ], 
        "15": [
          0.8012791293779, 
          0.014660331570701679
        ], 
        "16": [
          0.9912801083592554, 
          0.45413895188675035
        ], 
        "17": [
          0.9614576452272171, 
          0.6070839726109651
        ], 
        "18": [
          0.32724442331387815, 
          0.6495868119756558
        ], 
        "19": [
          0.02679658619483205, 
          0.19817910748258383
        ], 
        "20": [
          0.40001226157726155, 
          0.99747138206045
        ], 
        "21": [
          0.42332862267113136, 
          0.7206852935451588
        ], 
        "22": [
          0.2991601863822815, 
          0.9835501154844211
        ], 
        "23": [
          0.9563796672564592, 
          0.899539557781425
        ]
      }, 
      [
        [
          0.0, 
          0.43577595192284085, 
          0.6601695632036321, 
          0.11592325639786213, 
          0.35801131887496884, 
          0.4300021648200397, 
          0.589991938508417, 
          0.2820137632209231, 
          0.3967527028956192, 
          0.17014727655725165, 
          0.35458808311931517, 
          0.3522271064085245, 
          0.44639920391149956, 
          0.35179714124470435, 
          0.1470075136110284, 
          0.34831771972347275, 
          0.40311818021483753, 
          0.45686188460596105, 
          0.4459131037072378, 
          0.5987284526099754, 
          0.7212247571832846, 
          0.4541089998831147, 
          0.7448225078413332, 
          0.6819563958522521
        ], 
        [
          0.43577595192284085, 
          0.0, 
          0.44997469883543684, 
          0.5487275026348871, 
          0.36278366556698555, 
          0.4000374506994763, 
          0.5963674173622932, 
          0.22792442952932393, 
          0.5697862559710714, 
          0.550268171590227, 
          0.29689254617596883, 
          0.43461395944518616, 
          0.6816560362381482, 
          0.33309836032562595, 
          0.428518180671505, 
          0.6166953752640865, 
          0.17987065207414837, 
          0.04249943139341572, 
          0.5943686994241331, 
          0.9884259681237555, 
          0.6434510272752926, 
          0.5076850967592995, 
          0.7203690719888168, 
          0.2821333959424585
        ], 
        [
          0.6601695632036321, 
          0.44997469883543684, 
          0.0, 
          0.7644435092050595, 
          0.3153723009484796, 
          0.2573069926585485, 
          0.295490978445701, 
          0.6249105278734236, 
          0.46248325162166526, 
          0.8269051940229594, 
          0.7229877136844095, 
          0.841550030925802, 
          0.5723067205993028, 
          0.31243398798726596, 
          0.7447783013895888, 
          0.9682475937422377, 
          0.6248201426164429, 
          0.48590176584398864, 
          0.44494425280483485, 
          0.9831001835378731, 
          0.23882100198982723, 
          0.32758348323101966, 
          0.33827445593937727, 
          0.3267081881788004
        ], 
        [
          0.11592325639786213, 
          0.5487275026348871, 
          0.7644435092050595, 
          0.0, 
          0.45431463553086787, 
          0.5236808047649957, 
          0.663882584187849, 
          0.3758505258163876, 
          0.44704222254666426, 
          0.11213371076626234, 
          0.4285848452204668, 
          0.38842861264521683, 
          0.46787086684543966, 
          0.4525711381275029, 
          0.18393421755920233, 
          0.31166482136990964, 
          0.4985938269576583, 
          0.5675343741038906, 
          0.49737988761473945, 
          0.5306308716928739, 
          0.8043819340822105, 
          0.5293048260945844, 
          0.8168000042078998, 
          0.7978795211420414
        ], 
        [
          0.35801131887496884, 
          0.36278366556698555, 
          0.3153723009484796, 
          0.45431463553086787, 
          0.0, 
          0.07296089244956937, 
          0.26463974005178914, 
          0.4199596862765924, 
          0.21718723028987363, 
          0.528072021668682, 
          0.5291622336562172, 
          0.6127836607775153, 
          0.3362854526140079, 
          0.02969230160300961, 
          0.46740744348422275, 
          0.6914777678761697, 
          0.4785609625659361, 
          0.4046637322883937, 
          0.23380154260894728, 
          0.7078163653887685, 
          0.3711212468365552, 
          0.14898875126658062, 
          0.41374588606008156, 
          0.46106030558092864
        ], 
        [
          0.4300021648200397, 
          0.4000374506994763, 
          0.2573069926585485, 
          0.5236808047649957, 
          0.07296089244956937, 
          0.0, 
          0.20271253921914695, 
          0.4837889461646063, 
          0.22468309938104758, 
          0.6001450126831358, 
          0.5925742591614902, 
          0.6818644753518898, 
          0.3438397181102184, 
          0.0895188458817492, 
          0.5402486556460232, 
          0.7644203831743072, 
          0.5325604148258335, 
          0.44253210826415196, 
          0.2252309315238409, 
          0.7382828613080866, 
          0.2987681669386292, 
          0.11411786466598452, 
          0.34618325892358226, 
          0.4517411733323882
        ], 
        [
          0.589991938508417, 
          0.5963674173622932, 
          0.295490978445701, 
          0.663882584187849, 
          0.26463974005178914, 
          0.20271253921914695, 
          0.0, 
          0.6842353332735315, 
          0.2404711191051591, 
          0.756368158201482, 
          0.7933549117819787, 
          0.8757878422058673, 
          0.3169276538518842, 
          0.288656827957159, 
          0.7173714401800955, 
          0.9363765006316996, 
          0.7351297110377932, 
          0.6387146926017635, 
          0.19994066601039362, 
          0.7318073687121264, 
          0.1554750494137641, 
          0.13591084399453526, 
          0.154906885609731, 
          0.5901152317353671
        ], 
        [
          0.2820137632209231, 
          0.22792442952932393, 
          0.6249105278734236, 
          0.3758505258163876, 
          0.4199596862765924, 
          0.4837889461646063, 
          0.6842353332735315, 
          0.0, 
          0.5727189572363416, 
          0.3459648071522606, 
          0.10922066071063638, 
          0.21782054332881925, 
          0.6611389096702511, 
          0.39570029071735324, 
          0.2178774323780961, 
          0.388956583287967, 
          0.12275122983381914, 
          0.22607069394190338, 
          0.6121701967396631, 
          0.8793084136170324, 
          0.7728983021263719, 
          0.5641933396563676, 
          0.8297878065055309, 
          0.5099722121093067
        ], 
        [
          0.3967527028956192, 
          0.5697862559710714, 
          0.46248325162166526, 
          0.44704222254666426, 
          0.21718723028987363, 
          0.22468309938104758, 
          0.2404711191051591, 
          0.5727189572363416, 
          0.0, 
          0.5499361309538854, 
          0.6779476407197768, 
          0.7271249543082627, 
          0.12018650223405686, 
          0.24513261584483087, 
          0.5394173315673709, 
          0.7425768950007536, 
          0.6576440212154644, 
          0.6102077437814855, 
          0.050344998149249656, 
          0.5206221135204847, 
          0.3951563960837054, 
          0.13601729237908639, 
          0.3817857791107327, 
          0.6728561550051382
        ], 
        [
          0.17014727655725165, 
          0.550268171590227, 
          0.8269051940229594, 
          0.11213371076626234, 
          0.528072021668682, 
          0.6001450126831358, 
          0.756368158201482, 
          0.3459648071522606, 
          0.5499361309538854, 
          0.0, 
          0.37099156453744103, 
          0.3007049291410152, 
          0.5782605424368327, 
          0.5211110115075294, 
          0.12834989866454743, 
          0.19964523542408355, 
          0.4642665039551788, 
          0.561060079502247, 
          0.6001618698754589, 
          0.623294637571131, 
          0.8905188964775005, 
          0.6205620209230184, 
          0.9107705228369779, 
          0.8180218186482003
        ], 
        [
          0.35458808311931517, 
          0.29689254617596883, 
          0.7229877136844095, 
          0.4285848452204668, 
          0.5291622336562172, 
          0.5925742591614902, 
          0.7933549117819787, 
          0.10922066071063638, 
          0.6779476407197768, 
          0.37099156453744103, 
          0.0, 
          0.1430937315222615, 
          0.7618552595641798, 
          0.5047540931973455, 
          0.24853120992224992, 
          0.3544405554897614, 
          0.12928007872558034, 
          0.28045490726060673, 
          0.7186662364979743, 
          0.951242636928205, 
          0.8797634820705833, 
          0.6732690697373447, 
          0.938351701730997, 
          0.5729464589138745
        ], 
        [
          0.3522271064085245, 
          0.43461395944518616, 
          0.841550030925802, 
          0.38842861264521683, 
          0.6127836607775153, 
          0.6818644753518898, 
          0.8757878422058673, 
          0.21782054332881925, 
          0.7271249543082627, 
          0.3007049291410152, 
          0.1430937315222615, 
          0.0, 
          0.7936751143004241, 
          0.5923463545629212, 
          0.2102013182199795, 
          0.22346519901577144, 
          0.27237379905088077, 
          0.4216897594420342, 
          0.7725908406199771, 
          0.9183651328556747, 
          0.9777771652356172, 
          0.7472732961201354, 
          1.0265249843793773, 
          0.7139165486860677
        ], 
        [
          0.44639920391149956, 
          0.6816560362381482, 
          0.5723067205993028, 
          0.46787086684543966, 
          0.3362854526140079, 
          0.3438397181102184, 
          0.3169276538518842, 
          0.6611389096702511, 
          0.12018650223405686, 
          0.5782605424368327, 
          0.7618552595641798, 
          0.7936751143004241, 
          0.0, 
          0.36352143109024126, 
          0.5933745001354651, 
          0.7771298052757892, 
          0.7556649429016278, 
          0.7210555864677954, 
          0.12744602870089447, 
          0.41648205018668494, 
          0.47014601712416487, 
          0.2456874234531979, 
          0.43273871090576776, 
          0.793028979470911
        ], 
        [
          0.35179714124470435, 
          0.33309836032562595, 
          0.31243398798726596, 
          0.4525711381275029, 
          0.02969230160300961, 
          0.0895188458817492, 
          0.288656827957159, 
          0.39570029071735324, 
          0.24513261584483087, 
          0.5211110115075294, 
          0.5047540931973455, 
          0.5923463545629212, 
          0.36352143109024126, 
          0.0, 
          0.45412968921432184, 
          0.6789757409539156, 
          0.4508130376364129, 
          0.3749966396877183, 
          0.2631743614840998, 
          0.7285007701643992, 
          0.3873827460333426, 
          0.1775765667439791, 
          0.4351992965842753, 
          0.4375601954176381
        ], 
        [
          0.1470075136110284, 
          0.428518180671505, 
          0.7447783013895888, 
          0.18393421755920233, 
          0.46740744348422275, 
          0.5402486556460232, 
          0.7173714401800955, 
          0.2178774323780961, 
          0.5394173315673709, 
          0.12834989866454743, 
          0.24853120992224992, 
          0.2102013182199795, 
          0.5933745001354651, 
          0.45412968921432184, 
          0.0, 
          0.22511231482411978, 
          0.33600178740021885, 
          0.4363115498827916, 
          0.5876008077394397, 
          0.7138329515299595, 
          0.8382245348926016, 
          0.5828877290295319, 
          0.871894931672515, 
          0.702504635642849
        ], 
        [
          0.34831771972347275, 
          0.6166953752640865, 
          0.9682475937422377, 
          0.31166482136990964, 
          0.6914777678761697, 
          0.7644203831743072, 
          0.9363765006316996, 
          0.388956583287967, 
          0.7425768950007536, 
          0.19964523542408355, 
          0.3544405554897614, 
          0.22346519901577144, 
          0.7771298052757892, 
          0.6789757409539156, 
          0.22511231482411978, 
          0.0, 
          0.47879205270009556, 
          0.6136961197556107, 
          0.7923638924589044, 
          0.7959286091148554, 
          1.0615708455676889, 
          0.8008232217230822, 
          1.0912702902065148, 
          0.8983693126045139
        ], 
        [
          0.40311818021483753, 
          0.17987065207414837, 
          0.6248201426164429, 
          0.4985938269576583, 
          0.4785609625659361, 
          0.5325604148258335, 
          0.7351297110377932, 
          0.12275122983381914, 
          0.6576440212154644, 
          0.4642665039551788, 
          0.12928007872558034, 
          0.27237379905088077, 
          0.7556649429016278, 
          0.4508130376364129, 
          0.33600178740021885, 
          0.47879205270009556, 
          0.0, 
          0.1558254108661109, 
          0.6922017459000055, 
          0.9978696841141617, 
          0.8029992505081643, 
          0.6273881114165524, 
          0.8713817570613078, 
          0.4467658676762506
        ], 
        [
          0.45686188460596105, 
          0.04249943139341572, 
          0.48590176584398864, 
          0.5675343741038906, 
          0.4046637322883937, 
          0.44253210826415196, 
          0.6387146926017635, 
          0.22607069394190338, 
          0.6102077437814855, 
          0.561060079502247, 
          0.28045490726060673, 
          0.4216897594420342, 
          0.7210555864677954, 
          0.3749966396877183, 
          0.4363115498827916, 
          0.6136961197556107, 
          0.1558254108661109, 
          0.0, 
          0.6356358251418487, 
          1.0201933561816598, 
          0.6838298386868809, 
          0.5499891862892959, 
          0.7618166975870747, 
          0.29249966693599433
        ], 
        [
          0.4459131037072378, 
          0.5943686994241331, 
          0.44494425280483485, 
          0.49737988761473945, 
          0.23380154260894728, 
          0.2252309315238409, 
          0.19994066601039362, 
          0.6121701967396631, 
          0.050344998149249656, 
          0.6001618698754589, 
          0.7186662364979743, 
          0.7725908406199771, 
          0.12744602870089447, 
          0.2631743614840998, 
          0.5876008077394397, 
          0.7923638924589044, 
          0.6922017459000055, 
          0.6356358251418487, 
          0.0, 
          0.5422525412621111, 
          0.35541360748937006, 
          0.11952893979122096, 
          0.33514207801247176, 
          0.6769693717639923
        ], 
        [
          0.5987284526099754, 
          0.9884259681237555, 
          0.9831001835378731, 
          0.5306308716928739, 
          0.7078163653887685, 
          0.7382828613080866, 
          0.7318073687121264, 
          0.8793084136170324, 
          0.5206221135204847, 
          0.623294637571131, 
          0.951242636928205, 
          0.9183651328556747, 
          0.41648205018668494, 
          0.7285007701643992, 
          0.7138329515299595, 
          0.7959286091148554, 
          0.9978696841141617, 
          1.0201933561816598, 
          0.5422525412621111, 
          0.0, 
          0.8821326887441718, 
          0.6559347303091211, 
          0.8312578125448751, 
          1.1644875206885734
        ], 
        [
          0.7212247571832846, 
          0.6434510272752926, 
          0.23882100198982723, 
          0.8043819340822105, 
          0.3711212468365552, 
          0.2987681669386292, 
          0.1554750494137641, 
          0.7728983021263719, 
          0.3951563960837054, 
          0.8905188964775005, 
          0.8797634820705833, 
          0.9777771652356172, 
          0.47014601712416487, 
          0.3873827460333426, 
          0.8382245348926016, 
          1.0615708455676889, 
          0.8029992505081643, 
          0.6838298386868809, 
          0.35541360748937006, 
          0.8821326887441718, 
          0.0, 
          0.2777664333396935, 
          0.10180836279115177, 
          0.5649206424877911
        ], 
        [
          0.4541089998831147, 
          0.5076850967592995, 
          0.32758348323101966, 
          0.5293048260945844, 
          0.14898875126658062, 
          0.11411786466598452, 
          0.13591084399453526, 
          0.5641933396563676, 
          0.13601729237908639, 
          0.6205620209230184, 
          0.6732690697373447, 
          0.7472732961201354, 
          0.2456874234531979, 
          0.1775765667439791, 
          0.5828877290295319, 
          0.8008232217230822, 
          0.6273881114165524, 
          0.5499891862892959, 
          0.11952893979122096, 
          0.6559347303091211, 
          0.2777664333396935, 
          0.0, 
          0.29071586675580374, 
          0.5622564041156003
        ], 
        [
          0.7448225078413332, 
          0.7203690719888168, 
          0.33827445593937727, 
          0.8168000042078998, 
          0.41374588606008156, 
          0.34618325892358226, 
          0.154906885609731, 
          0.8297878065055309, 
          0.3817857791107327, 
          0.9107705228369779, 
          0.938351701730997, 
          1.0265249843793773, 
          0.43273871090576776, 
          0.4351992965842753, 
          0.871894931672515, 
          1.0912702902065148, 
          0.8713817570613078, 
          0.7618166975870747, 
          0.33514207801247176, 
          0.8312578125448751, 
          0.10180836279115177, 
          0.29071586675580374, 
          0.0, 
          0.6625671436511865
        ], 
        [
          0.6819563958522521, 
          0.2821333959424585, 
          0.3267081881788004, 
          0.7978795211420414, 
          0.46106030558092864, 
          0.4517411733323882, 
          0.5901152317353671, 
          0.5099722121093067, 
          0.6728561550051382, 
          0.8180218186482003, 
          0.5729464589138745, 
          0.7139165486860677, 
          0.793028979470911, 
          0.4375601954176381, 
          0.702504635642849, 
          0.8983693126045139, 
          0.4467658676762506, 
          0.29249966693599433, 
          0.6769693717639923, 
          1.1644875206885734, 
          0.5649206424877911, 
          0.5622564041156003, 
          0.6625671436511865, 
          0.0
        ]
      ]
    ], 
    [
      10.060733796487638, 
      23340.631805181503, 
      [
        [
          22, 
          7
        ], 
        [
          20, 
          1
        ], 
        [
          19, 
          3
        ], 
        [
          2, 
          23
        ], 
        [
          11, 
          5
        ], 
        [
          22, 
          10
        ], 
        [
          0, 
          18
        ], 
        [
          14, 
          6
        ], 
        [
          0, 
          8
        ], 
        [
          15, 
          12
        ], 
        [
          15, 
          21
        ], 
        [
          19, 
          9
        ], 
        [
          14, 
          4
        ], 
        [
          2, 
          17
        ], 
        [
          20, 
          16
        ], 
        [
          11, 
          13
        ]
      ], 
      ":Wg?jDlJcEkpA_bH`OnfIa"
    ], 
    [
      10.060733796487638, 
      23340.631805181503, 
      [
        [
          22, 
          7
        ], 
        [
          20, 
          1
        ], 
        [
          19, 
          3
        ], 
        [
          2, 
          23
        ], 
        [
          11, 
          5
        ], 
        [
          22, 
          10
        ], 
        [
          0, 
          18
        ], 
        [
          14, 
          6
        ], 
        [
          0, 
          8
        ], 
        [
          15, 
          12
        ], 
        [
          15, 
          21
        ], 
        [
          19, 
          9
        ], 
        [
          14, 
          4
        ], 
        [
          2, 
          17
        ], 
        [
          20, 
          16
        ], 
        [
          11, 
          13
        ]
      ], 
      ":WfDhGdkBjlceahbpn_@o"
    ]
  ], 
  "18": [
    [
      {
        "0": [
          0.9138912815077213, 
          0.92620273037064
        ], 
        "1": [
          0.27345303253796127, 
          0.6962449791135747
        ], 
        "2": [
          0.46430373938923797, 
          0.862170457262094
        ], 
        "3": [
          0.13646088765668718, 
          0.3982023817832252
        ], 
        "4": [
          0.9426304692585672, 
          0.019067706154513142
        ], 
        "5": [
          0.41726994479465584, 
          0.589984012564939
        ], 
        "6": [
          0.6402072840505664, 
          0.9159053179676286
        ], 
        "7": [
          0.33715011700871844, 
          0.9785955145060129
        ], 
        "8": [
          0.4959289792602595, 
          0.47772828590733185
        ], 
        "9": [
          0.1422303062620589, 
          0.17467762790035157
        ], 
        "10": [
          0.46895201460458713, 
          0.6058435845753233
        ], 
        "11": [
          0.012157070959730287, 
          0.23521244684302367
        ], 
        "12": [
          0.08931326966341246, 
          0.9999303944884353
        ], 
        "13": [
          0.30815543073269847, 
          0.0856499363263582
        ], 
        "14": [
          0.5837782960831868, 
          0.7190199031347976
        ], 
        "15": [
          0.1161112674621313, 
          0.14609767229570825
        ], 
        "16": [
          0.5391985046308314, 
          0.4787682054160102
        ], 
        "17": [
          0.7635593937041054, 
          0.20391392123031038
        ]
      }, 
      [
        [
          0.0, 
          0.6804716879537742, 
          0.45412453140915704, 
          0.9397778383170171, 
          0.9075901569938777, 
          0.5997297543740693, 
          0.27387764999416375, 
          0.5791160286653457, 
          0.6130430763304252, 
          1.0771493120083513, 
          0.5482708578130006, 
          1.1360423224520222, 
          0.8278675413816993, 
          1.0360718703303307, 
          0.3897426164115696, 
          1.1158032319565465, 
          0.5836028882425874, 
          0.7377674432366574
        ], 
        [
          0.6804716879537742, 
          0.0, 
          0.252893765451912, 
          0.3280186543210506, 
          0.9520333506911572, 
          0.17881470091382323, 
          0.4275036204151364, 
          0.28944627032744996, 
          0.31184145343391106, 
          0.5378214441084124, 
          0.21538863508446193, 
          0.5299307269340863, 
          0.35515107177495137, 
          0.6115803812392848, 
          0.311159872667711, 
          0.5722049372699692, 
          0.3433901615302397, 
          0.6946899422130517
        ], 
        [
          0.45412453140915704, 
          0.252893765451912, 
          0.0, 
          0.5681085376014837, 
          0.9693393159429042, 
          0.27622027172320773, 
          0.18392795404577078, 
          0.17240312537404176, 
          0.3857407664648163, 
          0.7591954206593592, 
          0.2563690155300706, 
          0.7729896225697614, 
          0.39949424612852785, 
          0.7920646524941031, 
          0.18645710188718367, 
          0.796240058572931, 
          0.3906488353767886, 
          0.7230875561562252
        ], 
        [
          0.9397778383170171, 
          0.3280186543210506, 
          0.5681085376014837, 
          0.0, 
          0.890871762132036, 
          0.3400498793941979, 
          0.7223411673259194, 
          0.6141110284709791, 
          0.3681598542859757, 
          0.22359919899105907, 
          0.3920015543285941, 
          0.204980871637433, 
          0.6035722816337753, 
          0.35660629170437824, 
          0.5504695685390487, 
          0.2529246757195668, 
          0.41071698292576303, 
          0.6565063154234888
        ], 
        [
          0.9075901569938777, 
          0.9520333506911572, 
          0.9693393159429042, 
          0.890871762132036, 
          0.0, 
          0.7758537939523911, 
          0.9464552207653594, 
          1.1345924695503815, 
          0.6402435072579026, 
          0.8153863309318983, 
          0.7541068955392836, 
          0.9552482891212575, 
          1.300093018399286, 
          0.6379590644289485, 
          0.7865799134545836, 
          0.8362240149840535, 
          0.6116223500696032, 
          0.25736078436327403
        ], 
        [
          0.5997297543740693, 
          0.17881470091382323, 
          0.27622027172320773, 
          0.3400498793941979, 
          0.7758537939523911, 
          0.0, 
          0.3948743528641715, 
          0.39678468499344266, 
          0.13707148452719273, 
          0.49812267154518464, 
          0.05406072848372628, 
          0.5384972649805861, 
          0.5249872539550889, 
          0.5160027496384101, 
          0.21065443765556263, 
          0.5364062192129087, 
          0.16503190438067297, 
          0.5186198008648906
        ], 
        [
          0.27387764999416375, 
          0.4275036204151364, 
          0.18392795404577078, 
          0.7223411673259194, 
          0.9464552207653594, 
          0.3948743528641715, 
          0.0, 
          0.3094732738661802, 
          0.46131913103440125, 
          0.8929723170008391, 
          0.3542127126844207, 
          0.9261694526183115, 
          0.5572651331026562, 
          0.8941937329438864, 
          0.2048123464464939, 
          0.931278930256027, 
          0.4486553562477896, 
          0.7225977387066307
        ], 
        [
          0.5791160286653457, 
          0.28944627032744996, 
          0.17240312537404176, 
          0.6141110284709791, 
          1.1345924695503815, 
          0.39678468499344266, 
          0.3094732738661802, 
          0.0, 
          0.5254319249741276, 
          0.8272107960042752, 
          0.39536785589742324, 
          0.8113192129293106, 
          0.24875345224926, 
          0.8934161949633791, 
          0.3580571975709024, 
          0.8613424581974884, 
          0.5391204780499891, 
          0.8842830102473213
        ], 
        [
          0.6130430763304252, 
          0.31184145343391106, 
          0.3857407664648163, 
          0.3681598542859757, 
          0.6402435072579026, 
          0.13707148452719273, 
          0.46131913103440125, 
          0.5254319249741276, 
          0.0, 
          0.4657708155296462, 
          0.13092473553466527, 
          0.5411554226447343, 
          0.6618393895028446, 
          0.4347232886984231, 
          0.2567861892908201, 
          0.5042225283344527, 
          0.0432820200357966, 
          0.3828842449603609
        ], 
        [
          1.0771493120083513, 
          0.5378214441084124, 
          0.7591954206593592, 
          0.22359919899105907, 
          0.8153863309318983, 
          0.49812267154518464, 
          0.8929723170008391, 
          0.8272107960042752, 
          0.4657708155296462, 
          0.0, 
          0.5409724178714693, 
          0.14346954675622642, 
          0.826947605065562, 
          0.18830049600994503, 
          0.7009087957234467, 
          0.038717154469246666, 
          0.5000548268439731, 
          0.6220165558481877
        ], 
        [
          0.5482708578130006, 
          0.21538863508446193, 
          0.2563690155300706, 
          0.3920015543285941, 
          0.7541068955392836, 
          0.05406072848372628, 
          0.3542127126844207, 
          0.39536785589742324, 
          0.13092473553466527, 
          0.5409724178714693, 
          0.0, 
          0.5882423486933313, 
          0.547201964916066, 
          0.5444786249830541, 
          0.16122640602853552, 
          0.5795367949508141, 
          0.14519890271448482, 
          0.4983382005190077
        ], 
        [
          1.1360423224520222, 
          0.5299307269340863, 
          0.7729896225697614, 
          0.204980871637433, 
          0.9552482891212575, 
          0.5384972649805861, 
          0.9261694526183115, 
          0.8113192129293106, 
          0.5411554226447343, 
          0.14346954675622642, 
          0.5882423486933313, 
          0.0, 
          0.7686004283432405, 
          0.3316383173584367, 
          0.7488794828109246, 
          0.13692303682389848, 
          0.5805963144390021, 
          0.7520538865873719
        ], 
        [
          0.8278675413816993, 
          0.35515107177495137, 
          0.39949424612852785, 
          0.6035722816337753, 
          1.300093018399286, 
          0.5249872539550889, 
          0.5572651331026562, 
          0.24875345224926, 
          0.6618393895028446, 
          0.826947605065562, 
          0.547201964916066, 
          0.7686004283432405, 
          0.0, 
          0.9401067214090819, 
          0.5686882858867855, 
          0.8542531534463674, 
          0.6884814826561801, 
          1.0431922456969285
        ], 
        [
          1.0360718703303307, 
          0.6115803812392848, 
          0.7920646524941031, 
          0.35660629170437824, 
          0.6379590644289485, 
          0.5160027496384101, 
          0.8941937329438864, 
          0.8934161949633791, 
          0.4347232886984231, 
          0.18830049600994503, 
          0.5444786249830541, 
          0.3316383173584367, 
          0.9401067214090819, 
          0.0, 
          0.690742700836525, 
          0.20133278280029934, 
          0.45598560886100575, 
          0.4705094468928598
        ], 
        [
          0.3897426164115696, 
          0.311159872667711, 
          0.18645710188718367, 
          0.5504695685390487, 
          0.7865799134545836, 
          0.21065443765556263, 
          0.2048123464464939, 
          0.3580571975709024, 
          0.2567861892908201, 
          0.7009087957234467, 
          0.16122640602853552, 
          0.7488794828109246, 
          0.5686882858867855, 
          0.690742700836525, 
          0.0, 
          0.7395622571825078, 
          0.24435268785649789, 
          0.5455780564278297
        ], 
        [
          1.1158032319565465, 
          0.5722049372699692, 
          0.796240058572931, 
          0.2529246757195668, 
          0.8362240149840535, 
          0.5364062192129087, 
          0.931278930256027, 
          0.8613424581974884, 
          0.5042225283344527, 
          0.038717154469246666, 
          0.5795367949508141, 
          0.13692303682389848, 
          0.8542531534463674, 
          0.20133278280029934, 
          0.7395622571825078, 
          0.0, 
          0.5382123129970084, 
          0.6500244570899707
        ], 
        [
          0.5836028882425874, 
          0.3433901615302397, 
          0.3906488353767886, 
          0.41071698292576303, 
          0.6116223500696032, 
          0.16503190438067297, 
          0.4486553562477896, 
          0.5391204780499891, 
          0.0432820200357966, 
          0.5000548268439731, 
          0.14519890271448482, 
          0.5805963144390021, 
          0.6884814826561801, 
          0.45598560886100575, 
          0.24435268785649789, 
          0.5382123129970084, 
          0.0, 
          0.35479950124117055
        ], 
        [
          0.7377674432366574, 
          0.6946899422130517, 
          0.7230875561562252, 
          0.6565063154234888, 
          0.25736078436327403, 
          0.5186198008648906, 
          0.7225977387066307, 
          0.8842830102473213, 
          0.3828842449603609, 
          0.6220165558481877, 
          0.4983382005190077, 
          0.7520538865873719, 
          1.0431922456969285, 
          0.4705094468928598, 
          0.5455780564278297, 
          0.6500244570899707, 
          0.35479950124117055, 
          0.0
        ]
      ]
    ], 
    [
      8.017346282674797, 
      476.6385910511017, 
      [
        [
          15, 
          1
        ], 
        [
          4, 
          0
        ], 
        [
          12, 
          11
        ], 
        [
          13, 
          10
        ], 
        [
          6, 
          16
        ], 
        [
          6, 
          17
        ], 
        [
          15, 
          7
        ], 
        [
          9, 
          2
        ], 
        [
          4, 
          8
        ], 
        [
          12, 
          3
        ], 
        [
          13, 
          14
        ], 
        [
          9, 
          5
        ]
      ], 
      ":Qc?gCaDkBJil`Fee"
    ], 
    [
      8.017346282674797, 
      476.6385910511017, 
      [
        [
          15, 
          1
        ], 
        [
          4, 
          0
        ], 
        [
          12, 
          11
        ], 
        [
          13, 
          10
        ], 
        [
          6, 
          16
        ], 
        [
          6, 
          17
        ], 
        [
          15, 
          7
        ], 
        [
          9, 
          2
        ], 
        [
          4, 
          8
        ], 
        [
          12, 
          3
        ], 
        [
          13, 
          14
        ], 
        [
          9, 
          5
        ]
      ], 
      ":QeC_ciHkBJin@DfaM"
    ]
  ], 
  "21": [
    [
      {
        "0": [
          0.6616437870628686, 
          0.5940571903900234
        ], 
        "1": [
          0.9195071311583799, 
          0.509920767251772
        ], 
        "2": [
          0.15168536304763047, 
          0.6408068370290481
        ], 
        "3": [
          0.9706878149791769, 
          0.3727638359139851
        ], 
        "4": [
          0.05832891310537114, 
          0.5324406876515322
        ], 
        "5": [
          0.36284405275616904, 
          0.6791854124155977
        ], 
        "6": [
          0.726194028729733, 
          0.9991027155657324
        ], 
        "7": [
          0.537138045699451, 
          0.28952803769368174
        ], 
        "8": [
          0.7190453667092256, 
          0.7445978589039132
        ], 
        "9": [
          0.9835046514147869, 
          0.03442620790485118
        ], 
        "10": [
          0.0756896516468255, 
          0.6866614618827596
        ], 
        "11": [
          0.3873862833840207, 
          0.146177608540205
        ], 
        "12": [
          0.2850445540354577, 
          0.15505053449168726
        ], 
        "13": [
          0.8081761209115768, 
          0.40373429556236284
        ], 
        "14": [
          0.5164826361905669, 
          0.9202028689268443
        ], 
        "15": [
          0.2362530015273303, 
          0.4830594960176765
        ], 
        "16": [
          0.9935847864433767, 
          0.16732217465567412
        ], 
        "17": [
          0.9907561247595081, 
          0.21440139835955807
        ], 
        "18": [
          0.7927740734336924, 
          0.8974769851177005
        ], 
        "19": [
          0.4301441320377153, 
          0.13575873176736641
        ], 
        "20": [
          0.10204765026730689, 
          0.4804921302390903
        ]
      }, 
      [
        [
          0.0, 
          0.27124240436668257, 
          0.5120967913246276, 
          0.3801038804405888, 
          0.6064531561036464, 
          0.31068970920677397, 
          0.4101568128949177, 
          0.3289980007149071, 
          0.16111311002679427, 
          0.6455859761168012, 
          0.5932266008110754, 
          0.5251793009650336, 
          0.5784062812935854, 
          0.24019685501423613, 
          0.35699126509035833, 
          0.43963372092518027, 
          0.540636292458734, 
          0.5024474611801982, 
          0.330543074101213, 
          0.513448699923048, 
          0.5710033793276552
        ], 
        [
          0.27124240436668257, 
          0.0, 
          0.7788975740406818, 
          0.1463949664789155, 
          0.8614726171293938, 
          0.5818284136742221, 
          0.52599328334764, 
          0.4413378215797545, 
          0.30863936293411387, 
          0.4797819906660646, 
          0.8621283035998044, 
          0.644563171570926, 
          0.7269633029724794, 
          0.1538510988339683, 
          0.5751175066879595, 
          0.6837819342087028, 
          0.35051575522556744, 
          0.30398703340706174, 
          0.40775125987149563, 
          0.6160141018728429, 
          0.8179890265615589
        ], 
        [
          0.5120967913246276, 
          0.7788975740406818, 
          0.0, 
          0.8617494222316918, 
          0.14303373405155742, 
          0.21461804977244564, 
          0.6770791264839024, 
          0.5215079725430682, 
          0.5767754762268538, 
          1.0293788398236576, 
          0.08875806877005074, 
          0.5479169622514798, 
          0.5037299467727681, 
          0.6979853186695633, 
          0.4594988499797976, 
          0.17898577897193718, 
          0.9659101224321639, 
          0.9412020725044494, 
          0.6905608586535402, 
          0.5767259961679273, 
          0.1678234421742446
        ], 
        [
          0.3801038804405888, 
          0.1463949664789155, 
          0.8617494222316918, 
          0.0, 
          0.9262264641053997, 
          0.6807115555205113, 
          0.672367164336566, 
          0.4414675532220625, 
          0.44898158361359264, 
          0.33858030335957856, 
          0.9484479068230975, 
          0.625765127820924, 
          0.7193787339737903, 
          0.16543645329718917, 
          0.7113310335592337, 
          0.7426706052132114, 
          0.20671368479809693, 
          0.15962894062675206, 
          0.5540552214156942, 
          0.5902193596955873, 
          0.8752948766837728
        ], 
        [
          0.6064531561036464, 
          0.8614726171293938, 
          0.14303373405155742, 
          0.9262264641053997, 
          0.0, 
          0.3380288220294629, 
